Mutation	lvl	lva	avl	ava
A>C	0.128992016	0.127830807	0.120671907	0.118899314
A>C	0.132833868	0.131326353	0.13112643	0.132303083
A>C	0.117265469	0.121202939	0.133501259	NA
A>C	0.121893996	0.113748321	0.11728542	NA
A>C	0.116660721	0.120906801	0.125839678	NA
A>C	0.120400981	0.12396589	0.118747614	NA
A>G	0.21257485	0.204707093	0.160677522	0.169833636
A>G	0.201807587	0.214540695	0.185061738	0.188046992
A>G	0.156137725	0.178395576	0.178248629	NA
A>G	0.170097046	0.197939991	0.15127717	NA
A>G	0.157747651	0.183064158	0.175548589	NA
A>G	0.193558707	0.20122184	0.161384752	NA
A>T	0.134031936	0.136954894	0.136954894	0.128597335
A>T	0.141633964	0.136363636	0.129838649	0.128597335
A>T	0.134031936	0.129838649	0.131130538	NA
A>T	0.138530447	0.125839678	0.136363636	NA
A>T	0.141633964	0.131130538	0.125839678	NA
A>T	0.138530447	0.13707522	0.13707522	NA
C>A	0.117265469	0.120671907	0.127830807	0.132303083
C>A	0.116660721	0.11728542	0.121202939	0.118899314
C>A	0.128992016	0.13112643	0.120906801	NA
C>A	0.120400981	0.125839678	0.131326353	NA
C>A	0.132833868	0.133501259	0.113748321	NA
C>A	0.121893996	0.118747614	0.12396589	NA
C>G	0.057035928	0.058534531	0.058534531	0.060001577
C>G	0.057378999	0.056639695	0.059616696	0.060001577
C>G	0.057035928	0.059616696	0.057415913	NA
C>G	0.059827237	0.059561129	0.056639695	NA
C>G	0.057378999	0.057415913	0.059561129	NA
C>G	0.059827237	0.055619193	0.055619193	NA
C>T	0.156137725	0.160677522	0.204707093	0.188046992
C>T	0.157747651	0.15127717	0.178395576	0.169833636
C>T	0.21257485	0.185061738	0.183064158	NA
C>T	0.193558707	0.175548589	0.214540695	NA
C>T	0.201807587	0.178248629	0.197939991	NA
C>T	0.170097046	0.161384752	0.20122184	NA
CpG>TpG	0.071756487	0.073834924	0.116788321	0.109280139
CpG>TpG	0.076941372	0.065881326	0.093174759	0.093037925
CpG>TpG	0.122205589	0.101583213	0.103496814	NA
CpG>TpG	0.10867015	0.074787282	0.126685705	NA
CpG>TpG	0.114995838	0.092235887	0.126735334	NA
CpG>TpG	0.087021435	0.077637775	0.124347715	NA
TpG>CpG	0.122205589	0.116788321	0.073834924	0.093037925
TpG>CpG	0.114995838	0.126685705	0.101583213	0.109280139
TpG>CpG	0.071756487	0.093174759	0.092235887	NA
TpG>CpG	0.087021435	0.126735334	0.065881326	NA
TpG>CpG	0.076941372	0.103496814	0.074787282	NA
TpG>CpG	0.10867015	0.124347715	0.077637775	NA
